%YAML:1.0
---
model_type: PINHOLE
camera_name: camera
image_width: 640
image_height: 480
distortion_parameters:
   k1: -0.14299479030718582
   k2: -0.0771982369736549
   p1: 0.0009556855756327829
   p2: 0.002685021396146409
   # k1: -0.30476705
   # k2: 0.03828765
   # p1: -0.00153443
   # p2: -0.0041377
projection_parameters:
   fx: 753.1863818245491
   fy: 752.9364402939773 
   cx: 340.900804686156
   cy: 237.80092548872867
   # fx: 403.98201524
   # fy: 404.30198751
   # cx: 329.74538232
   # cy: 219.60338664
   