%YAML:1.0
---
model_type: PINHOLE
camera_name: camera
image_width: 752
image_height: 480
distortion_parameters:
   k1: -2.9839715403690653e-01
   k2: 9.2224497853254539e-02
   p1: -1.1990765403755247e-04
   p2: -7.4591073225354767e-05
projection_parameters:
   fx: 4.6894440199277881e+02
   fy: 4.6967992291018265e+02
   cx: 3.5308381761047826e+02
   cy: 2.2974411225355888e+02
